0 0.301031 0.713636 0.117526 0.180000
0 0.272680 0.576364 0.087629 0.120000
0 0.102577 0.703636 0.114433 0.167273
0 0.665979 0.781818 0.138144 0.185455
0 0.518557 0.582727 0.078351 0.107273
0 0.273711 0.445455 0.056701 0.083636
0 0.218041 0.479091 0.056701 0.085455
0 0.146392 0.470000 0.059794 0.096364
0 0.293299 0.354545 0.031959 0.047273
0 0.244845 0.370909 0.034021 0.047273
0 0.627320 0.590909 0.085567 0.120000
0 0.934021 0.910909 0.131959 0.178182
4 0.820619 0.893636 0.078351 0.212727
1 0.860309 0.647273 0.267010 0.327273
0 0.437113 0.465455 0.049485 0.054545
4 0.077320 0.766364 0.051546 0.190909
