3 0.286826 0.502737 0.073651 0.085766
0 0.425830 0.548358 0.071577 0.107664
3 0.643154 0.713504 0.085062 0.124088
3 0.227697 0.725365 0.098548 0.177007
4 0.926349 0.865876 0.051867 0.129562
4 0.758817 0.571168 0.028008 0.076642
4 0.734440 0.502737 0.016598 0.078467
4 0.698651 0.432482 0.017635 0.062044
4 0.081432 0.663321 0.028008 0.104015
4 0.917531 0.656934 0.048755 0.083942
0 0.630187 0.568431 0.052905 0.089416
0 0.649378 0.483577 0.047718 0.062044
0 0.647822 0.390511 0.048755 0.054745
0 0.439315 0.448905 0.061203 0.076642
