0 0.622027 0.609290 0.118925 0.118397
0 0.860393 0.614754 0.126163 0.143898
0 0.948294 0.775046 0.103413 0.132969
0 0.629266 0.502732 0.083764 0.076503
0 0.443123 0.502732 0.063082 0.076503
0 0.248190 0.432605 0.051706 0.067395
0 0.035160 0.463570 0.051706 0.067395
0 0.452947 0.408925 0.051706 0.067395
0 0.555843 0.389800 0.054809 0.036430
0 0.928645 0.512750 0.095140 0.078324
3 0.904860 0.428051 0.059979 0.040073
3 0.633402 0.373406 0.044467 0.036430
1 0.276629 0.346084 0.044467 0.076503
3 0.070838 0.392532 0.029990 0.049180
