0 0.218750 0.809612 0.150000 0.195933
0 0.543229 0.820702 0.123958 0.166359
0 0.701042 0.691312 0.075000 0.125693
0 0.739583 0.498152 0.056250 0.097967
0 0.643750 0.917745 0.112500 0.164510
0 0.361458 0.878928 0.143750 0.190388
0 0.228646 0.664510 0.128125 0.146026
4 0.797396 0.766174 0.034375 0.116451
4 0.775521 0.638632 0.032292 0.094270
4 0.845313 0.569316 0.023958 0.077634
4 0.805208 0.597967 0.022917 0.079482
4 0.881771 0.454713 0.019792 0.070240
4 0.856250 0.364140 0.025000 0.059150
3 0.667708 0.342884 0.058333 0.064695
0 0.780729 0.395564 0.040625 0.077634
0 0.597917 0.413124 0.056250 0.097967
0 0.731771 0.254159 0.044792 0.060998
0 0.620313 0.310536 0.055208 0.066543
0 0.471354 0.544362 0.069792 0.112754
