0 0.515593 0.865562 0.137214 0.165746
0 0.254158 0.772560 0.134096 0.193370
0 0.688150 0.723757 0.093555 0.139963
0 0.730249 0.515654 0.061331 0.110497
0 0.321726 0.917127 0.159044 0.165746
0 0.605509 0.404236 0.059252 0.075506
0 0.766632 0.411602 0.059252 0.075506
0 0.831081 0.321363 0.040541 0.053407
0 0.627859 0.308471 0.043659 0.060773
3 0.669958 0.335175 0.055094 0.058932
0 0.734927 0.251381 0.039501 0.057090
0 0.677235 0.246777 0.042620 0.058932
4 0.787942 0.804788 0.035343 0.110497
4 0.768191 0.664825 0.035343 0.106814
4 0.799896 0.619705 0.028067 0.086556
4 0.840437 0.589319 0.028067 0.084715
