0 0.108446 0.879151 0.173097 0.241697
0 0.531283 0.860701 0.153285 0.278598
0 0.766945 0.871771 0.182482 0.256458
0 0.698644 0.653137 0.135558 0.169742
0 0.631387 0.516605 0.094891 0.129151
0 0.465589 0.444649 0.061522 0.114391
0 0.572471 0.391144 0.066736 0.088561
0 0.457769 0.342251 0.050052 0.083026
0 0.530761 0.321956 0.052138 0.064576
4 0.060480 0.724170 0.045881 0.167897
4 0.198123 0.444649 0.035454 0.099631
4 0.161105 0.449262 0.030240 0.105166
4 0.074557 0.607011 0.028154 0.129151
3 0.038060 0.583948 0.074035 0.138376
0 0.807612 0.427122 0.096976 0.116236
4 0.891032 0.440037 0.032325 0.086716
4 0.738790 0.320111 0.019812 0.079336
