0 0.387097 0.749077 0.091571 0.143911
0 0.610822 0.731550 0.101977 0.123616
0 0.714360 0.726015 0.094693 0.123616
0 0.333507 0.616236 0.057232 0.095941
0 0.426639 0.609779 0.060354 0.083026
0 0.541103 0.574723 0.060354 0.083026
0 0.685744 0.547048 0.060354 0.083026
0 0.852237 0.630074 0.091571 0.086716
2 0.203434 0.747232 0.040583 0.092251
0 0.127992 0.930812 0.056191 0.138376
0 0.144641 0.794280 0.047867 0.083026
3 0.057752 0.931734 0.055151 0.132841
3 0.072320 0.728782 0.038502 0.081181
0 0.298647 0.504613 0.037461 0.046125
0 0.343913 0.476015 0.032258 0.044280
0 0.475026 0.514760 0.046826 0.062731
